match_orbit for MUX=4.172, MUY=5.230
kkf =         0.7620585882 ;
kkd =        -0.8146581743 ;
