match_orbit for MUX=4.172, MUY=5.230
kkf =         0.7620537844 ;
kkd =        -0.8146549653 ;
