match_orbit for MUX=4.172, MUY=4.230
kkf =         0.7285043340 ;
kkd =        -0.7432355499 ;
