! Optics function at the center of extraction septum BE3.SMH15L1
ysept_start =        -0.0020094455 ;
pysept_start =        -0.0000945001 ;
ysept_center =        -0.0020575182 ;
pysept_center =        -0.0000945001 ;
