! Optics function at the center of extraction septum BE3.SMH15L1
ysept_start =         0.0008576896 ;
pysept_start =        -0.0008062640 ;
ysept_center =         0.0003497433 ;
pysept_center =        -0.0008062640 ;
! Optics function at the center of extraction septum BE3.SMH15L1
ysept_start =         0.0008576896 ;
pysept_start =        -0.0008062640 ;
ysept_center =         0.0003497433 ;
pysept_center =        -0.0008062640 ;
