! Optics function at the center of extraction septum BE3.SMH15L1
xsept_start =         0.0000356132 ;
pxsept_start =         0.0009553116 ;
xsept_center =         0.0006374594 ;
pxsept_center =         0.0009553116 ;
