! Optics function at the center of extraction septum BE3.SMH15L1
xsept_start =         0.0055719389 ;
pxsept_start =         0.0001050707 ;
xsept_center =         0.0056253890 ;
pxsept_center =         0.0001050707 ;
