! Optics function at the center of extraction septum BE3.SMH15L1
ysept_start =         0.0006583029 ;
pysept_start =        -0.0008062640 ;
ysept_center =         0.0002481516 ;
pysept_center =        -0.0008062640 ;
