! Optics function at the center of extraction septum BE3.SMH15L1
xsept_start =         0.0002404753 ;
pxsept_start =         0.0009522430 ;
xsept_center =         0.0007248870 ;
pxsept_center =         0.0009522430 ;
