! Optics function at the center of extraction septum BE3.SMH15L1
ysept_start =         0.0008801381 ;
pysept_start =        -0.0008027062 ;
ysept_center =         0.0003744332 ;
pysept_center =        -0.0008027062 ;
