! Optics function at the center of extraction septum BE3.SMH15L1
xsept_start =         0.0055919133 ;
pxsept_start =         0.0000919369 ;
xsept_center =         0.0056386821 ;
pxsept_center =         0.0000919369 ;
