! Optics function at the center of extraction septum BE3.SMH15L1
xsept_start =         0.0055194311 ;
pxsept_start =         0.0000892530 ;
xsept_center =         0.0055648346 ;
pxsept_center =         0.0000892530 ;
