! Optics function at the center of extraction septum BE3.SMH15L1
xsept_start =         0.0007856744 ;
pxsept_start =         0.0009375094 ;
xsept_center =         0.0012625911 ;
pxsept_center =         0.0009375094 ;
