! Optics function at the center of extraction septum
ysept =         0.0003497433 ;
pysept =        -0.0008062640 ;
