! Optics function at the center of extraction septum
ysept =        -0.0020456109 ;
pysept =        -0.0000945001 ;
